2832
4045
3331
1260
2352
905
2413
876
1173
429
1058
735
638
3340
769
4999
2614
3712
1510
4050
2577
4249
706
1662
4688
998
4765
1742
3181
2516
1838
2913
3955
113
2234
414
2951
158
1796
3969
938
3743
3468
4967
2798
3590
4589
2496
670
2820
2263
705
2280
1783
2307
1875
2594
551
2538
2015
4090
4656
985
3507
3871
2970
524
1767
1177
1494
1709
3498
3028
1139
4127
2645
796
3838
4763
1225
4080
1003
1256
3287
2817
4882
1401
2452
4335
481
49
615
1913
2257
805
2581
1384
1816
4405
4409
2390
1143
337
2143
3696
2797
1252
3886
939
2307
2671
4344
3659
1574
4294
2243
2749
2311
781
4311
93
1818
102
2690
2055
2519
3218
4192
73
4455
1702
2347
530
4640
1552
4554
247
663
4988
3858
1381
4280
1809
3338
1247
4638
2869
4569
4456
1829
3771
4115
4868
1226
2011
4200
87
1221
3620
1288
1156
935
983
1477
2719
116
4815
4390
3520
944
1720
438
4084
350
3145
4186
1821
2462
4035
234
3359
3171
3160
4435
4303
3148
3962
998
1891
2164
2743
3761
3353
724
216
640
1131
1691
4120
936
480
244
4708
4741
2946
2303
3584
289
859
1962
2587
3585
3708
821
4784
2612
259
2615
15
349
177
3102
2103
1900
4036
3164
3916
1798
1431
3353
4817
423
4105
151
2921
1168
3114
1653
4218
3751
3009
3047
3287
4144
2831
114
4464
3757
7
2509
3911
4875
3809
2688
403
4300
4472
3798
3811
244
1681
2905
3825
3243
3096
463
1705
4453
3946
141
4065
1561
3491
4496
1918
3788
3592
3738
3132
1040
2758
1199
2304
4861
2466
3576
3115
1467
1028
2113
4215
2689
4455
4682
3113
2436
2852
1262
4225
3336
3163
356
908
4163
1426
4284
4822
2143
344
4795
2608
1764
2014
2048
2636
2514
629
223
650
1594
1029
1483
4026
2979
3360
3180
270
2766
97
3717
4494
1195
2654
4523
3564
2730
4112
4035
2155
127
1540
701
644
2649
4584
4385
100
4881
1570
3399
2371
4815
1289
2325
3679
19
1368
1495
4205
4243
2212
1937
833
2860
2977
4404
195
1133
2580
3471
4165
4554
2163
2436
3675
762
2717
990
3583
4963
3518
898
3774
2512
982
248
4788
3432
157
4133
4831
4324
3573
3127
4281
1584
3450
1055
3132
2134
8
4366
1141
4375
1766
310
1332
4331
3375
2651
3561
910
2125
2193
2731
2108
3416
2036
2974
3102
4577
2598
1248
4178
2731
4169
685
3263
1810
3426
1252
435
630
2264
3191
2865
2718
255
3852
2472
4029
1207
2288
751
4833
2130
833
1368
4926
863
1947
1520
4719
1133
277
756
1886
3719
1201
2118
2372
4660
3228
3567
1163
2705
4934
3661
4889
3395
242
318
4679
1675
723
663
2922
1566
1312
1228
3
649
1787
2169
2995
4423
2775
4804
2876
3141
2320
2685
3714
4763
3120
770
2201
4921
4039
1836
1857
4005
2046
2322
4300
1169
3654
3582
335
1253
2936
4141
673
1055
299
707
1304
3558
4317
214
4841
555
995
2826
1569
3610
774
2296
1859
3781
2859
2480
1328
2193
1177
846
1774
4243
4488
4634
2142
2315
1137
3624
4494
3969
2511
836
1902
965
670
1062
1590
4412
1713
3746
2279
1449
1480
1890
4104
113
2538
616
4760
794
3389
3098
1159
1435
2257
4275
4024
2851
686
864
540
4856
1483
548
3748
2742
4135
904
2839
184
4746
920
3026
1056
4703
4882
2990
2513
3982
1579
1844
4390
3352
3914
1474
3110
3159
1860
1391
2844
2223
540
533
1185
1075
2269
2165
969
745
3734
741
46
1170
3177
4312
1035
851
4130
708
4880
18
2628
3570
558
749
136
1613
871
2891
1361
2363
2948
3880
4388
4244
839
2886
2774
980
4223
548
2840
4135
881
4013
809
4481
1751
1711
1035
4673
3038
608
1336
480
770
4749
782
2022
2668
4024
4336
1897
233
4110
3792
2976
2638
2389
2706
2329
2763
1761
2488
2639
835
3248
515
2189
789
871
4344
4796
1010
236
3280
1996
2684
4395
3354
3571
1515
1179
2173
665
169
2133
3545
453
4297
1333
148
1714
1573
3312
878
3754
3297
2383
2980
4707
4624
885
4002
4686
947
1692
2170
764
3261
3024
3294
2439
1403
4949
4337
4499
51
4486
1310
1493
2553
361
1371
1170
4267
2971
1320
2607
918
359
4663
3346
1185
7
2530
2599
3964
2499
2086
3076
25
4368
4653
824
278
251
2622
3116
377
2521
980
4710
3775
640
4411
3955
3534
839
875
4013
4900
3694
546
1058
127
1790
543
2657
35
4725
3833
787
537
25
3865
4345
1204
3362
4881
1998
585
2804
297
465
3015
1671
3455
2899
1230
2998
2025
774
4836
2645
3967
4793
330
4799
4207
4363
306
3679
4372
3126
4406
1439
3752
725
1044
3452
4364
1795
3423
4875
4107
3422
4843
1671
1072
3962
1320
678
919
246
469
1178
3851
1443
3406
4512
620
4996
29
643
3556
1945
3702
1495
3301
2269
1876
523
3253
781
3961
4216
2417
3273
2431
956
2114
956
3923
589
701
0
1181
595
270
4013
3473
2532
4907
726
1352
1930
3875
3445
2472
3219
1735
729
4785
3879
2451
4778
1717
2040
4628
2770
4020
592
368
3509
3913
1214
1336
2516
2121
4393
2396
1178
2830
1925
374
3104
3154
565
3057
4966
872
245
4430
804
4098
4640
2164
1095
761
519
2214
3189
3087
2881
3704
2419
1518
4190
2978
1544
2844
2894
500
2027
4929
3454
2985
2343
2311
733
4115
4162
3853
1661
4224
570
1135
1618
1135
3107
2780
3865
4208
1258
4326
4186
1660
4407
3560
1335
2315
1792
4066
3698
2692
4179
3944
3413
1939
2101
806
937
1397
1428
1447
1526
4250
4899
2792
691
3899
2036
1413
4942
155
4060
4544
2678
1222
4570
1294
2556
2903
